8008
1190
6327
618
4302
55
2607
36
3465
5925
3799
2943
7745
8874
4546
1366
1844
7924
5432
4286
8771
9274
2158
6280
1435
746
8865
8593
7804
8836
961
2949
8138
7016
5476
5021
4283
6402
3013
4375
3551
5922
3378
2742
2589
5308
202
6488
1383
1176
2488
1312
2923
84
2528
7789
5333
7455
1629
9848
8657
2361
3352
3434
9460
4476
4677
5357
5817
1657
6062
5394
9192
8538
9711
5888
4070
2996
9170
6050
1707
3032
4204
34
7009
8201
5713
8896
556
1343
7955
3035
6624
4958
7069
4441
8387
7724
9031
1531
1864
4287
6887
9790
2000
6251
3943
6461
7690
8870
7918
184
4091
9601
2237
4976
6660
4807
5834
1752
7608
8413
3186
571
5458
9328
3898
3594
2081
1756
1300
9939
330
2820
5549
5851
274
1474
5225
7591
5362
5419
4921
1557
9675
7256
5030
2410
4775
7272
8765
5467
186
6441
7942
9414
5120
4551
2124
651
9057
6176
2963
5385
8698
8594
5680
762
6092
8681
5214
9777
6606
7867
4562
6642
9323
1760
2095
5878
7183
8393
6397
6802
2611
9603
1322
2737
8801
9219
1687
8100
6447
4337
2399
1482
6763
9712
497
8880
9278
3510
6678
5767
3388
3937
6409
6483
4997
4165
4082
2496
6780
4610
1928
616
9118
7932
2724
4311
4014
9303
6986
9709
807
3951
6862
8839
8747
5613
1912
6208
1200
414
5262
8361
7071
1816
5969
5666
2600
8098
4066
7598
9087
7675
8803
6982
6574
1837
6358
9048
1172
3320
8799
8323
3203
3910
5779
265
5058
1509
617
9282
3702
4631
6542
6833
5181
819
8130
8540
4847
5414
5570
9597
4475
5464
4303
8920
3520
5427
7157
8545
2779
4006
6313
373
1014
7033
6288
6707
4721
6865
9901
6173
4895
6314
3359
2016
2709
5952
8105
1277
6230
7519
4276
681
4089
3921
3229
2973
697
8998
2029
5954
8350
2325
5691
1676
1449
2610
3046
1451
7138
356
6670
1357
6019
3864
7766
4284
7718
7252
8948
6331
9656
2521
2354
9535
1879
6265
2900
8249
5186
422
1146
7241
669
9338
9506
7059
4012
7165
1666
6278
3698
3116
7958
8095
2343
7239
4356
7115
7260
4801
8695
7770
5011
3077
8808
7057
9841
6909
5176
7545
6614
1402
1171
7695
4950
6723
9464
1126
4520
3880
5775
7624
5636
8670
9764
2832
5850
8769
8931
2710
7884
3969
7881
9965
2173
726
801
285
9533
9692
3931
6421
8727
2772
3651
4897
7010
3906
6058
9532
5344
9546
1561
7762
4484
3053
8072
980
1063
2686
3852
1478
4843
8669
4739
1880
4346
6974
162
4244
7993
4578
8966
6372
2935
2811
2836
2449
5175
7658
7208
2725
5278
1765
4119
3396
3773
4050
346
2678
1779
6142
3881
8208
3151
2073
3565
628
5116
5887
1184
9115
7705
4873
2814
718
3486
7842
3387
8796
2942
7431
8992
2620
322
1282
4454
2247
9510
2200
8199
4956
8135
7725
6710
5602
4925
735
2859
8487
8659
3640
8283
8951
4765
1612
4256
4429
5131
5737
3117
7211
9232
5714
51
1785
8279
9749
1030
1262
392
1740
4569
8360
580
7907
6258
3367
5697
984
8029
7567
1028
9994
3856
2717
2541
94
2308
675
3066
2334
5722
1443
950
9640
5446
6014
5612
9101
163
7459
7311
3892
4577
3164
8429
3608
2961
8408
8788
7799
3238
6698
3206
6030
4549
3152
1775
7699
2467
2078
916
2537
2755
8141
4094
6755
8468
4285
9396
8409
9088
9426
8406
8617
7613
8912
5873
6908
773
5416
9075
7889
6
3135
8425
610
8909
6444
2136
9814
8590
4300
3457
6990
1229
5937
3120
4751
5366
3691
6415
8990
5838
7279
6336
9134
2470
9618
5268
4816
9706
9489
5818
6252
8475
7540
8460
2147
4227
2575
6094
9770
5534
4254
1980
235
4514
4482
8869
6651
8218
1895
5074
3441
9039
8976
7917
6637
3074
4510
8581
5036
8490
1741
3208
2196
9832
2997
9418
1236
6398
6366
1570
1839
9871
8205
9127
6931
3200
5829
9080
9846
7869
6291
2198
7015
5972
4542
6155
7093
8664
3554
1113
2305
1833
935
5741
8559
5694
6506
908
6040
4132
6238
9307
1955
5717
6250
4464
7904
7120
4516
7931
4361
7515
9952
8885
5734
8867
2533
2432
6091
5858
7544
884
9700
1424
677
3093
1118
9248
5051
9735
5990
5349
4317
3146
7322
1252
6261
5310
7005
8823
2413
5593
709
875
9741
5616
1630
5958
858
6355
8126
5355
5139
6753
2347
189
9004
7602
7899
8680
2476
2049
8887
1036
1872
9806
7270
100
7975
3192
8445
86
796
5232
1847
467
8016
2839
9185
1699
2205
996
7960
9599
3544
631
8372
7169
4295
1191
2284
2904
6638
9244
8003
3005
1340
175
577
3361
6135
9452
7192
41
5718
4314
8388
5423
6491
4509
7466
6812
355
7136
7552
7233
7063
1603
1465
4907
7362
1654
8689
3703
5948
7759
5283
5627
2559
6819
1853
9789
7550
2564
3553
1476
4436
8496
1748
3978
8841
8349
8501
8403
4015
5525
7781
4953
6172
2933
7118
5846
8736
832
5837
2902
9116
6917
5487
7603
8819
7874
9750
6806
5720
8853
1415
3933
7204
9703
9355
9837
5684
1237
1914
5338
3836
2671
7726
7254
9998
9276
2581
3400
6776
230
3133
5428
7802
2321
4768
4760
5678
2936
1023
125
126
1876
8566
302
5302
8125
9842
599
6801
736
683
5725
9796
4904
7568
6216
8415
1151
8427
3607
6995
4278
5849
2040
103
8083
6003
318
4460
8846
8502
4438
793
8704
2729
1421
2741
1810
8607
8546
6236
8809
8707
1177
5811
1651
953
4877
3762
6264
855
8397
802
288
1233
1693
7556
4750
6410
6979
3375
424
3982
2782
6321
9369
5482
9537
8459
1260
9576
9034
5911
4613
8422
5507
2368
159
2135
5456
1495
1617
1223
238
7774
7871
1808
1361
4977
3505
8777
8373
6016
8198
6167
4355
1078
3286
1358
15
1034
2222
4392
5621
1799
4145
1316
4136
4251
9036
5759
9123
2480
9152
8755
6422
774
6322
6680
7119
4951
4258
8564
5087
9380
2055
8873
5673
911
7596
1706
6160
2015
5219
6356
531
4858
9944
4363
1518
3835
5343
8954
1798
9907
9517
6034
8882
1565
2657
2379
7238
9292
3345
5100
5970
9350
5594
7566
8957
4633
2278
1867
7155
1686
9683
4724
5793
1469
6737
1696
509
2340
8871
8013
4667
9572
3763
8287
9
5183
8807
383
7467
2472
2540
3073
133
5191
4161
3621
1524
903
4573
8186
7752
5814
368
6961
1244
4467
7161
3711
959
272
1057
6465
3288
7358
9950
8770
1276
2375
9516
4024
2915
622
1481
1805
1972
8022
4986
9312
107
2697
9548
5424
9908
4428
3071
4100
2365
7841
7141
3998
2414
2363
9931
6438
1201
7449
3837
228
5395
7627
4310
9738
1003
3972
1766
5017
6664
9531
8515
1783
4174
3751
5504
1999
5145
1536
4423
7863
4209
723
7463
4681
3438
5695
8273
2293
5250
1065
6905
1567
8553
7027
2171
8291
8447
2412
5327
1238
3918
6985
5576
8399
8586
5700
7123
8048
5924
2394
7981
8351
4304
5103
7413
3559
3872
9799
7133
8321
805
4960
197
7077
9866
8303
9240
5961
8828
3930
5417
8877
6955
7388
2380
1257
5930
3299
4297
1085
1811
5228
7187
5686
8989
2059
9879
1423
5935
6950
4810
2370
8338
8119
6473
6868
8227
2475
8950
5001
5973
9314
8255
1735
8089
326
6922
5590
9472
3771
1147
4142
7517
526
3506
1542
1594
5153
2421
9343
7124
1251
2436
6175
6001
5716
9776
8261
7649
2218
4649
5292
2570
5439
5045
3605
2925
2048
2932
6589
3165
8977
1792
7407
9317
5231
3499
7561
3947
7237
7172
5493
9051
9349
7089
57
9579
7234
936
4891
4069
8863
4
7447
9106
4869
8063
6497
7373
4360
979
9805
2451
3468
729
4786
7787
4671
5529
4688
2072
6608
9353
8020
8320
573
9014
4622
4290
5066
770
9875
567
2498
8576
6593
5165
5773
7595
8111
105
4668
9891
5234
1602
5453
4126
9076
8300
8301
9467
5980
6975
9746
9792
2555
5202
9664
9148
522
8988
9286
8362
2273
2044
9405
7925
9513
9124
6774
2815
2774
198
766
3377
2235
9872
9111
9873
6256
9168
8489
8922
8110
3122
5497
3142
5031
1564
2181
4967
2913
7194
2748
6054
7794
7368
3291
4413
4674
9673
9682
9978
5885
7689
6571
8194
653
1076
5447
3908
6362
4154
2074
9970
7683
8675
4946
2908
4034
4222
4447
6101
7269
7041
892
5745
6878
4865
7489
6665
9986
1064
9260
8861
1520
102
2616
5853
8652
232
9316
7532
6341
1054
3459
5784
6065
4980
7284
9909
7290
9743
887
3634
2351
9236
3301
5352
3191
4194
6564
3092
2352
6257
7344
904
3161
8964
4338
2004
9672
9587
2241
2730
7560
3632
5208
3134
5207
5702
1796
7031
1499
4265
5558
8266
1778
7772
5751
8818
5236
5806
8214
2210
251
3635
1116
8437
8743
4252
1511
5199
9877
3983
7052
5780
1817
7670
3728
603
2511
5213
9450
5893
3123
3147
115
5596
8056
5190
7505
8958
9831
3782
3853
48
6339
3376
688
2353
213
3796
3107
758
2704
809
3940
6920
9586
1952
3572
6734
6585
5531
6534
9504
1427
9987
4599
6533
6679
3769
8282
3725
4200
4938
5606
8527
7436
9898
8223
4090
6303
4263
8525
9447
9454
2306
1011
563
4240
2374
1181
5764
9714
1970
3483
982
316
867
1393
7543
6803
8533
6501
7470
369
6299
8854
3254
8756
8239
4420
5082
252
2977
3531
7074
6595
9961
8782
3409
5579
1381
6069
3653
7456
4519
5271
5049
9094
3241
9330
5500
7860
593
3971
9480
4740
1643
7838
6537
3461
7888
7451
1829
4107
4922
4139
1095
6832
7178
370
6098
2897
7686
5855
8340
2681
872
4349
8825
2275
6543
2454
395
7228
4868
902
3532
9852
6691
891
9206
8107
7485
3188
8289
8615
2195
3547
5478
4705
1106
4444
1420
4307
2769
4778
3
7201
7301
8774
1528
8729
6193
4313
3825
2970
1521
1210
2006
1572
1480
8430
3710
1948
2155
1587
3536
1194
9995
8329
4272
2216
4935
812
271
1280
508
8506
4614
8440
1632
7909
6662
5624
9471
3011
2358
7758
581
1368
3889
2003
2689
1584
9453
4862
878
8642
8661
5392
4389
6416
3775
8216
6335
9813
3028
494
5290
3839
2640
2104
7833
5047
1313
6966
7405
9173
1618
1549
3277
4545
9651
8672
9275
5079
8940
823
3217
7631
7416
3564
5634
2372
2037
7151
2847
594
6472
4465
2872
8379
400
646
85
9059
3857
7399
4339
5107
5983
3302
7508
5550
1108
7999
9117
3985
761
5518
9697
5979
9560
6152
3175
337
9511
2750
4575
9295
3440
8578
5251
4541
7370
8981
3849
2165
1965
5041
7584
4679
8868
7667
8352
3657
7948
9607
234
868
4021
5910
7952
1261
9556
535
1135
1830
4135
2834
9981
1430
4572
5433
334
30
6020
9817
1697
5061
6987
9550
7665
4072
8390
6479
6450
1695
7145
7959
409
3139
5238
6553
1404
7285
9093
8412
7225
2808
8155
2629
5034
1336
4529
8798
3976
130
7302
6490
4741
1777
9921
8810
670
4494
1082
7572
4626
6424
6103
3219
2445
6285
5441
9642
7630
6970
6347
1576
2964
7790
9424
4207
1339
6750
9671
449
4409
4092
5868
6078
8297
7282
2909
3577
8644
5317
5320
4262
7152
7974
7352
7030
8999
771
3414
1559
1889
7987
9293
9150
2460
515
4041
3278
2123
6077
1918
4242
8152
7768
7317
642
2228
7592
27
7754
8330
9686
3991
4395
3936
44
7806
5469
6541
1870
6972
9394
4387
8943
3537
1342
9698
3672
6338
4982
3144
6147
6008
6120
2622
9151
2248
2092
6745
3262
4664
191
1858
7347
2693
5353
6600
3545
3896
9897
2209
4068
8250
5650
5569
4055
9861
9158
1306
674
1849
8757
2771
8247
1896
6354
764
7379
9198
5282
848
1050
7280
2987
6360
2024
7913
6033
5382
2701
5597
2108
6739
9754
329
8558
2645
6953
2672
9562
9559
5460
2328
3223
7153
6646
7723
6083
349
8174
7555
9658
3922
4680
4981
9344
3128
6591
2287
138
5331
1431
6656
7325
7024
2497
1900
1634
3082
7891
68
8465
763
1791
223
5323
4550
2338
8370
1809
2767
8569
4498
8219
8167
7471
9569
5020
5520
6132
5936
9487
9486
6729
5899
3458
4407
5842
5461
3059
3282
1527
311
5346
4203
2138
2958
3478
2070
4774
1321
66
6196
7047
6843
2294
4812
640
6612
9032
7087
7994
977
4080
2264
390
5670
1274
9980
1616
9084
2069
2786
8327
8374
468
6573
2950
341
9367
2326
6183
7078
2538
4234
8162
3920
3100
8759
268
7492
8751
8477
4851
73
1770
9737
4179
1119
8991
5553
4968
4792
3019
874
2434
5565
3960
1369
1168
4381
2520
4770
1619
6658
5127
3181
2556
9366
4963
2499
473
5788
1009
4133
9748
8651
1550
5892
601
9593
1963
303
241
145
3449
7530
5335
6625
9381
3436
3522
7509
6028
3379
3026
1645
9646
4440
9161
2587
7248
2267
5118
9679
5548
9794
6945
2713
6520
5530
9610
9139
9549
4646
5740
3562
6255
5018
4229
9433
5306
4587
9964
2780
7086
6981
1637
4606
3287
5085
2125
714
806
331
8466
4271
3442
1445
2655
8591
8918
6169
6468
4755
9779
5197
3656
2807
5795
827
4615
2231
1390
4748
2240
2940
5078
8179
5285
7954
9305
9680
2801
3184
9301
1982
2972
446
6066
2912
3220
9347
8229
6061
5279
3829
1019
9991
1692
3410
9498
7082
2550
5418
3882
4274
2447
8705
9425
5860
1828
8389
1971
128
3826
6181
9174
3227
47
9428
4044
6234
728
6113
7821
8902
5905
4704
4700
6440
7108
2633
7616
4374
1820
8682
9399
6105
2732
2313
8814
9171
6430
4742
4767
6207
9403
8654
747
8308
8431
9321
5981
2041
8524
9097
7445
8634
7040
7189
9845
8888
5195
1925
4594
4224
6159
2692
3814
2415
7894
4366
2296
5688
4619
7830
1711
2792
1385
3529
6382
7378
7499
418
9398
6872
5264
6875
3443
6587
4380
3298
1922
8118
3528
5483
7585
2768
9222
8588
4656
1220
9812
5162
5060
3198
3205
3808
9530
3867
7147
9121
844
5648
1543
7037
2643
7657
6941
4866
8740
785
712
6924
2674
8021
673
4466
9378
1523
1845
7992
1555
7534
7783
1297
7319
2534
5854
8398
8962
2404
5824
929
9072
1188
3604
5470
6910
5163
4714
1143
4396
4076
8088
2013
2825
9945
7380
4508
3683
8614
9526
8043
56
9200
7562
9859
8222
7424
7650
2751
3899
384
8982
560
81
8129
4472
7818
9639
5897
2005
1452
3170
8510
4965
3002
3326
3612
7273
6041
5912
1039
2880
1595
4400
9734
6558
7886
1614
4393
2322
4630
7656
2336
403
3674
1493
3129
6009
7639
221
4156
2953
2843
4560
999
1623
9677
2455
1548
9220
3328
7743
8334
9043
2060
1348
7678
4598
6928
8476
5975
4149
7742
9823
1212
5286
5291
7750
4625
8204
8772
9033
204
3312
1836
1406
404
1944
4539
8852
1881
7693
3335
290
3521
9633
9787
304
2523
1043
585
2263
5016
3666
3815
8752
3492
7813
1622
3339
6639
9903
490
3700
6556
7140
8002
818
5827
3182
7547
2355
1514
9948
174
6455
3127
3616
2624
376
3877
5301
3087
4885
6316
2077
957
7162
4046
7528
6785
4838
6847
1969
9306
7720
4593
3111
6187
8730
3245
7150
4426
2653
6650
6504
1299
7896
7055
7203
4220
207
8328
2580
5384
3560
6694
1807
5233
6220
7396
6493
7563
6345
3489
7167
7320
273
4028
8891
5604
2685
9701
2980
7523
7333
3369
8541
7910
8217
6228
5125
5391
9003
2466
5547
8164
3185
428
7469
1577
5671
6434
3855
4245
476
8762
7945
5455
6197
7462
8626
3456
4319
3611
6667
544
6084
9843
3150
550
2279
1083
8335
3642
9930
3546
2164
2350
2419
7315
1631
4990
6495
7476
5816
1180
6597
4609
8242
4122
8436
559
8497
2630
4117
2833
8775
6420
4842
8166
8207
5284
6363
8969
9541
6863
6547
289
5422
4802
4075
7116
3833
9616
3384
3158
5105
6939
7487
8212
3917
6767
3696
120
2481
3310
6334
283
7531
889
2091
6087
1868
3045
5334
6555
5193
7372
1958
4833
1112
5157
7425
4699
2852
4844
3360
9816
987
1878
1397
5519
4689
3168
9256
2735
816
371
5122
7146
9022
532
9968
9078
4147
1685
7815
2168
5551
668
2576
2191
2991
1215
7318
9201
4684
7587
3603
9966
5758
3015
5754
2588
472
9064
6136
2391
7342
2174
3040
835
3590
6205
6505
3083
4085
2257
1059
4532
6122
6186
570
8944
7504
2098
9266
6418
3538
8292
6470
3027
8047
1250
629
7623
7524
575
3542
2182
4528
1953
5342
7937
3541
8711
4582
6544
6853
7788
5161
7185
308
3754
8603
5792
1901
3809
8513
4795
4281
3305
9461
6540
401
5870
971
6102
3890
584
8663
5746
187
1279
9429
9239
406
5297
4451
8562
9082
9836
6156
5035
5866
9408
2702
589
3563
4860
9815
5907
5637
5440
4892
2290
3034
1408
8286
8532
63
3535
7972
9722
2493
4639
6603
3850
2477
3340
6846
1984
1353
246
6715
9190
3727
6814
2863
6561
7915
1409
5955
8645
9112
3846
5705
4324
8011
5918
4371
2084
947
6510
5516
7109
4942
4205
839
4301
6031
1636
3322
5056
2756
9509
4155
7880
8127
9176
1105
6923
4078
5037
8551
5755
3979
3426
7287
4102
2856
6032
6279
9374
7912
6912
4212
2721
4886
2157
5663
6145
4025
5053
3338
6439
7934
5514
8970
9488
2739
7137
8860
9391
4443
2251
8514
8493
5919
3078
8856
6532
2922
7682
5748
528
5257
8597
1708
679
8919
5237
2469
1746
7159
7614
9476
1815
8939
1644
2259
3671
5610
3060
4188
5841
780
1866
5744
2079
8866
4948
1949
1440
5369
5995
1290
3202
8296
7482
6708
3874
8632
3275
7442
6436
9102
4370
2161
704
8577
6704
5723
2189
3557
4567
4791
1605
6499
7878
4226
2269
7756
6247
8302
8045
6202
1496
1589
4171
2536
1379
4253
8737
5057
9044
9229
9568
5913
6636
2514
7929
5559
1915
8137
506
4584
5588
8295
9388
8017
9523
2099
7866
6343
6880
7473
583
9005
5406
1107
8382
5438
2281
6286
2369
2855
8248
7398
7677
1305
4571
1152
2381
1923
5672
8482
3694
7360
1241
1462
6854
9482
8075
2172
6134
3157
6243
8511
8641
3502
6128
4934
7341
3580
5450
5644
8945
4581
6549
9357
3944
7075
6618
5609
6764
8190
6619
8383
6578
6370
6866
5989
2659
4544
5027
7305
6792
8285
6895
1825
301
8784
1405
7135
5249
777
6225
1754
4172
3176
9678
4196
8938
5477
1954
6178
2595
5733
3257
7767
1613
1173
3211
7936
7721
2217
1013
3765
1715
4715
5502
5217
7197
9382
8109
4282
6859
7748
1217
7671
905
9558
1199
5488
4600
5950
5900
2849
536
7549
6765
3401
7506
8368
2062
5677
7796
3665
3938
2028
6332
7520
7735
879
4820
2879
8148
8339
8184
2220
4267
6577
4644
4729
1537
6046
6500
1102
781
352
1206
8269
4995
7496
3677
1709
8180
6828
7922
4984
6432
1842
8884
300
8552
5998
3776
5372
201
1941
8353
1012
3063
367
8150
471
1675
7546
4641
8715
4678
6502
4920
8347
5566
724
6631
9237
5475
5112
8053
9900
3297
2873
79
8336
4940
4231
2144
9138
4564
3300
8608
5753
4537
4233
9010
1814
1961
2142
5075
4727
6231
3690
3626
1123
3524
4473
9427
2619
1137
1992
1015
7541
943
9008
4320
9435
6295
1522
1175
2233
5315
2664
966
2525
6367
6896
7085
1062
6266
95
8090
8272
1149
9687
2516
4518
7327
1640
6121
8014
2549
6879
8827
7862
6918
9494
3909
4511
2111
7404
3445
7158
5006
8829
5288
5805
194
433
9634
2744
362
6934
2337
5638
5316
4184
9623
5093
6144
8516
4929
933
539
1320
5839
994
2101
3900
3137
8007
8732
9209
1491
6052
6789
7985
7258
3016
5589
2169
9167
4910
5096
2716
4487
8001
6292
4732
1292
7538
5390
5877
1414
7823
2547
7244
9954
7944
927
5068
8434
5819
114
1437
5050
9865
6580
7365
3474
4404
4585
3929
9324
6621
8254
3235
3272
9819
1722
1466
3519
1273
388
1071
4201
4523
2331
3598
9899
2492
7092
8176
9025
4358
8318
9758
58
6617
3878
8005
4672
4670
6289
8234
6796
2723
1218
7636
5539
3398
6368
546
2245
8149
9083
6111
2360
6099
5844
8354
3487
5403
5360
7810
6598
614
3464
6492
3308
2871
772
3724
8557
6751
519
1882
2658
9475
7741
8024
4987
438
6000
2680
3583
6861
3470
7025
3255
9179
5363
8290
4093
4111
156
4002
8485
4888
8136
2031
6386
2506
3600
5368
7973
6223
9584
2012
1977
8656
9017
3606
7622
9100
242
2167
451
7417
7229
8895
4036
9499
2975
4854
6666
3113
9411
9281
4364
6017
1835
4458
8294
5815
6848
3987
2690
4159
6748
4087
4463
7131
2515
8932
4813
2254
7441
8240
2094
7908
8812
143
1655
7452
1213
4306
6365
295
4506
1642
4988
5442
429
4141
6681
4181
7859
9527
1441
1753
3630
2884
6203
6706
9165
1352
342
1335
9188
7684
4899
3417
5383
2330
6192
2329
5149
8232
8386
9717
587
2301
6949
1485
3373
3513
9095
2280
2957
3571
9470
3518
6809
7854
4565
3894
4722
5108
604
6210
3932
6821
1067
1267
1590
3582
8507
8820
1560
8271
6762
423
4327
9162
2743
3810
4208
3454
8750
7297
3068
7581
6171
3316
9373
1377
3602
5802
2546
7935
277
5457
3803
9742
8826
2850
6211
5706
3136
2560
1150
6845
505
8170
1787
9490
4129
9056
7036
8534
3051
2430
8492
8220
6401
2507
8979
4590
1294
7088
6195
8508
928
6798
2021
3708
2939
4448
7775
9395
9973
195
3267
9397
2035
5901
3280
3480
8407
4548
1371
9904
4978
6522
5104
4109
6690
9821
2160
2598
8402
6349
8211
4153
8961
69
9254
4996
9164
6554
2149
6442
4178
2234
4604
2314
7557
5171
488
9187
5655
9114
4309
6728
7559
9605
1772
2639
5386
7042
1120
9883
4096
5845
6342
5143
4737
3738
7428
263
9047
8316
9522
5076
141
8173
5115
3988
338
3891
7039
9462
1562
5012
4057
2896
861
5166
7422
104
7554
6766
3566
9608
8400
7419
1826
4157
4377
3095
9953
5326
6579
7704
5415
447
756
5341
3412
479
2089
8921
6224
9624
7104
8872
1254
8571
939
2145
5235
3004
3148
2265
3070
1850
192
7409
1386
1755
6018
4166
5660
554
7847
1438
8787
5946
2846
9635
8356
1413
2785
5420
680
5070
5728
1505
6717
4555
8050
8554
6888
5189
6965
7000
9878
9140
7666
4016
2656
9258
200
9565
2603
4561
4846
8491
7094
4710
3567
9478
3744
91
5430
1824
306
6425
1738
4236
3911
5770
4707
9853
1129
5603
1483
9594
4170
7606
1539
3750
8031
7737
4787
968
5689
8760
1945
1997
2387
6616
5585
2183
7734
7180
1688
3055
6513
1477
6249
9294
9880
6529
6613
450
8209
5111
7708
2232
3704
9957
9259
1983
7990
1134
7345
9924
3104
3212
359
3886
6298
3228
9329
2030
7773
8848
2869
3695
2400
7644
9918
1160
1396
3759
4197
7434
1885
7438
4104
4624
7154
296
7844
2566
3091
9552
9617
2518
520
116
6064
7048
4576
2093
3118
71
3624
4559
5177
6431
6394
6594
8693
5999
9419
4011
6399
6714
139
5560
9067
7539
8862
4455
8244
9068
792
5986
121
2007
4146
9325
320
8815
2339
3579
6021
9596
3745
9782
6721
434
1932
8079
7338
7012
4048
2056
2086
7590
5690
111
9795
291
625
7976
427
2711
1130
3042
4662
4800
6568
193
7216
591
14
2130
914
4621
6246
7389
7527
9085
1410
8993
5536
9439
5676
9245
7224
8503
4654
3348
3678
2107
9505
7020
3130
7846
7755
7210
9291
8733
600
5796
150
9793
2712
6768
866
492
3866
932
9228
5943
4764
990
1081
1020
4191
619
5434
1871
7853
1764
1582
6377
229
4530
8066
4698
3249
717
3625
9500
885
1563
3734
442
1338
1732
4708
8333
6293
9850
3437
1154
8650
5541
3413
6957
87
454
8498
2644
4890
6696
3967
650
6277
7986
7812
9884
5533
7971
3156
6977
4289
1475
4384
5003
8206
5668
3289
9667
7765
1399
6180
5354
9830
9342
6267
3242
8665
6414
8142
3221
7034
13
722
9691
1763
6373
7245
5790
3061
9098
6852
9364
4793
9019
4973
4176
8929
7835
8464
2979
168
4481
2615
8683
1507
3394
1391
820
804
5571
6565
4202
9334
1658
3253
1905
8901
870
7173
1848
8467
2878
280
293
7346
1309
3149
7921
2435
8504
7066
6826
2596
948
7997
23
7626
3250
9184
4501
208
2893
1498
9716
4504
9267
9477
222
5401
8781
4505
7673
1345
7653
4636
9993
3963
1959
912
9213
9627
1049
6437
4270
7298
808
314
8421
7491
1856
8667
7235
6024
8947
6703
5778
3471
6701
5269
623
5002
9926
6907
2178
1111
7747
1428
5307
4826
5379
4782
6325
8153
2898
5875
9855
9465
8766
2758
510
2219
5404
6773
6929
5281
5091
6221
2627
6498
5337
5303
1841
76
7643
4105
3354
5043
2753
2224
7597
4872
2137
9434
6384
9867
2736
4693
1448
4054
218
7535
5542
9054
518
6023
676
3119
5052
3664
460
3048
3166
6476
5496
3033
9432
8636
9802
9448
5318
132
1231
1255
8505
3884
8280
3595
3715
332
7098
7190
1501
3914
3556
6944
4754
4352
1761
5503
4989
4822
4781
5222
8792
8070
7501
9890
7782
7099
2126
3509
345
7594
7583
1144
920
7687
2384
5582
8767
7911
6348
5908
8348
647
6559
2085
7457
9299
6857
5794
7672
8114
9969
1554
1652
9255
489
9175
6118
6045
9436
4586
2146
2788
6519
3610
3204
9577
7502
8472
3406
6925
287
17
4746
4345
1016
6170
7080
6550
7044
3841
9774
634
7023
3885
2461
611
2513
6337
3231
3726
8646
6104
7019
730
42
2916
270
8875
2812
2823
3732
1349
6275
1157
2483
2590
2100
4543
7946
8342
9778
760
4651
6133
8473
5289
3993
8924
8673
9713
2968
6423
9233
2
3263
4459
6085
854
5730
2204
9583
1639
2819
775
9018
9959
2291
8794
190
7852
7121
8039
7355
635
407
752
521
8158
5380
8968
7652
1278
1315
7494
5544
3214
3597
4538
8806
8971
7856
2020
6340
3733
4052
7645
6329
6206
3639
9863
4098
6212
7837
8518
5799
1115
3210
3415
3739
2803
7512
7702
7892
8936
4612
3258
4457
8087
3915
9985
209
888
1197
3007
4246
9525
5150
1038
3550
3699
266
1927
8314
871
1333
2648
8694
6592
6536
1957
6011
3084
7143
5206
856
215
6993
9149
1736
5879
8536
9423
3062
4906
4259
4110
6626
738
4761
4811
1060
4331
5781
3213
7679
2425
3774
4373
9242
8260
6779
4053
1288
4856
5635
2887
3285
989
9524
9092
9442
2010
4634
1079
7926
1153
8986
5704
507
4712
2071
7903
4164
1667
7991
6668
1500
1553
5492
7111
1797
4589
8640
8832
5692
9269
8259
421
3552
7231
7164
4275
3851
9119
4527
315
6689
5915
9415
2120
9362
475
8561
4730
245
6237
696
4018
3085
5762
7669
2544
880
5398
3939
9543
2311
7268
4849
4365
1159
6718
5246
662
6025
5859
413
3020
3041
1854
1920
2491
8834
2862
620
9647
2669
8144
8067
5699
5221
8151
2403
3076
840
1447
6743
6318
847
9136
3804
1374
7919
9752
380
8601
7002
8258
4773
6641
2763
3177
5808
1985
6705
2827
8768
7219
6551
493
7714
1855
7697
1296
396
5267
387
3716
860
9360
4853
3364
945
7061
6692
22
6088
5776
6726
6164
2140
4566
292
393
918
5203
9456
6930
4912
8963
7825
211
1270
4597
644
3996
4939
2444
6657
2315
6933
8322
6151
3479
4596
2545
6711
7007
6659
678
3215
4277
1786
2799
8305
8574
1208
1395
7930
9412
2076
2752
1689
7609
6836
7250
7130
2424
5451
6962
2930
951
9069
3006
8452
1859
5813
7829
2747
1337
5167
7950
9183
4353
8253
3346
3180
9893
800
1185
6956
199
6722
8055
1346
3618
5069
3044
6137
6149
3743
910
3824
7377
2409
778
7949
3620
2176
8699
5584
7700
8343
5991
1090
1544
1310
955
6259
9484
5421
5996
1846
9458
2698
7558
7978
9804
5350
9309
6610
5329
687
8668
2567
7395
7753
7478
9920
8722
2288
3977
2199
3466
2760
5479
3834
7381
7331
8049
196
3558
7267
3309
1207
9351
3261
1051
7472
1001
452
1027
6902
973
4088
6213
9807
6590
5760
8528
6454
7443
2504
3495
1360
50
8077
5322
5510
5687
9849
8134
6892
6359
412
2899
6823
1042
1068
1583
7113
2066
8679
1266
6199
134
608
1610
6474
5472
8522
2494
7184
4474
486
90
596
408
8674
7957
3476
636
9473
2186
9696
9016
621
9936
6527
1458
1077
4452
6452
3778
1674
7199
3887
6392
4943
2993
1650
8391
8624
5580
3619
4991
849
8325
4332
2526
4588
754
3072
845
7868
1750
8850
97
5822
8816
4187
7003
3701
4137
671
6799
8033
7091
152
6913
9193
3764
5364
8028
5388
5556
4500
3792
6166
321
8906
7206
8573
1504
1742
5113
3067
6387
2450
1599
9393
165
4000
4918
2857
8835
6073
9641
713
3230
5188
9676
7330
3596
8309
6209
5577
6742
2482
7008
5581
8720
1047
5797
2749
1998
3861
2011
3517
2187
4211
1031
7713
3386
8678
4065
6669
4336
661
682
8983
5840
7647
8858
7
9771
4318
6403
5098
2604
2773
1532
9012
3264
9881
9441
7166
5180
4547
7757
7026
7805
3768
9400
2974
443
4403
6898
6153
2401
7182
2346
9557
7461
9637
5538
7676
2134
4709
8251
6191
7717
1032
4726
7740
9272
5277
3049
3869
6733
7851
7163
2954
2207
8131
6005
5535
9216
9571
9224
3798
1248
8052
8898
551
4248
254
8225
2383
6080
7110
2014
2026
1192
8034
2663
7004
1073
7117
2793
7537
1964
2602
1516
1967
1938
4163
8643
4185
3526
7845
9626
3293
8915
4913
7127
1782
8344
4640
9358
530
3548
9235
2420
6508
6894
3693
9410
842
5325
7776
3628
1529
5080
2789
6640
88
8233
6919
7890
5803
1510
6304
3781
8717
469
142
7791
7625
3845
686
1156
9707
169
3234
8396
2802
2715
6222
5527
9406
7371
7364
4140
7390
3362
8310
9090
2889
3420
8610
9619
1875
8599
8602
9811
2252
8115
4552
420
1784
1061
5411
7334
6328
6514
6445
4945
7619
7067
1994
8612
1551
5658
8172
9263
7664
3990
2976
1929
7083
7215
5425
4889
2994
336
7406
2177
5013
900
9345
3240
9685
5959
7359
2757
8899
6517
4039
4808
2246
1776
5562
4745
2440
4029
9851
4507
6583
4322
1436
398
6686
7510
6346
2175
2318
153
6607
7278
7865
7046
8994
3685
3484
3366
2034
2905
6190
2239
9143
2127
3668
1457
3260
3179
8685
2527
1713
4138
9496
2906
5330
3662
1950
9614
9887
4079
7168
8738
1002
7902
7646
3444
3756
4439
1729
8188
5055
9507
5073
698
3747
99
5348
3958
4840
1575
9368
1962
5062
154
9694
2806
4449
627
9652
3422
5328
1170
6805
4839
6964
2236
3358
3132
9860
4008
164
4419
8907
3246
4367
9540
4323
1242
1987
2201
6719
6428
2650
54
9582
9902
502
3431
19
1473
3676
2238
6015
6404
9910
7247
4241
1074
5962
5623
5243
9905
7481
4326
5218
1351
4415
4045
8385
9914
4947
1946
1403
4173
9761
9356
278
8744
1098
1417
5864
1974
8802
26
8023
6281
6233
7366
4777
2569
8619
4894
3089
8481
8911
7648
6075
7809
4970
6870
5275
2885
702
5561
6716
2255
8423
9928
6323
6411
9045
695
2068
3570
1771
5857
9055
8313
1026
8230
5261
2946
6301
9567
1388
5000
9485
3195
2532
4735
7760
4225
1195
5252
2687
4901
3818
886
3025
8897
6599
3660
6353
1214
7828
2563
4480
3385
663
5826
9207
8567
9407
6200
21
7064
3654
5468
648
693
2868
1363
8985
3549
985
6757
9595
6820
4213
8791
9440
6446
1281
727
901
3270
6822
1086
5757
7464
1609
7411
9760
6700
2824
5210
9105
4762
1873
1025
2373
6163
2226
4620
6097
8712
6793
3793
9000
4342
4675
2978
9020
1933
1530
3844
4553
59
9249
7056
3390
3707
2392
5374
3429
7011
4131
2907
6381
8420
8914
7521
144
7692
5656
3649
6484
4328
6560
595
9801
2683
8231
7792
3372
1769
8181
1857
799
3999
2303
7222
328
4237
7778
4776
9110
7553
9840
1673
8278
2025
8446
3534
3331
2332
7393
4433
7629
829
8913
4150
1601
8687
6596
9335
8544
7632
3812
8060
7289
5848
7816
2362
5524
565
3064
2990
881
5239
2133
3760
8355
1186
4330
4121
1906
1781
9372
2877
5240
458
7962
7680
5187
8631
5563
6357
6936
4116
6817
7266
9001
319
6307
3870
1444
1956
607
1097
463
2471
6947
1289
7014
2393
8395
817
8660
7739
6911
2557
7749
1793
3879
5295
1472
4660
4954
6797
1246
9181
1625
7983
9096
7304
2067
4673
8666
9990
4216
9896
3397
6914
307
5156
4799
8084
8378
1996
3925
5361
4268
2150
4919
1832
2927
2397
1883
4690
5774
7090
9622
862
1158
6516
1268
1698
9070
8785
9923
2831
1646
5437
75
1075
4859
1136
3667
5852
6426
2208
969
7001
6921
8417
7480
4341
1203
5405
236
8418
5685
4694
7214
9457
6693
1429
9833
8187
7018
4496
7956
7032
864
8949
8512
2632
7403
3797
8706
963
2366
637
7414
737
3903
605
3722
386
814
6804
783
1088
3860
309
323
7707
9081
8833
576
1018
3840
2929
4731
1716
561
2116
6429
8215
3593
7578
2043
5151
5572
9497
7797
4579
8143
2256
6320
219
5260
9145
3131
2647
7497
3037
181
3162
7703
3587
6873
4401
7043
3467
2865
1593
7430
2797
3729
1774
3819
4903
360
6138
7635
8004
4819
8359
264
3171
4648
5956
2971
6983
3780
9566
9007
7659
9046
843
547
9341
5630
6130
2327
9916
2937
243
9074
6869
954
1189
9156
6063
5932
6604
6204
7288
2039
437
7363
1930
913
3859
2838
2519
363
1986
1600
2405
720
4645
523
8822
8299
6131
7484
1503
2766
5099
20
7968
3317
7634
7500
98
5619
1852
4483
9854
8123
4376
1903
8960
9598
298
2584
3324
3723
8081
9474
9404
9073
8317
8575
1638
6389
543
5376
350
1943
1747
2452
6010
4959
6959
1094
8488
9984
151
205
3052
6139
2083
7580
74
3273
4969
6462
8830
9766
1680
1232
9967
2673
7054
4676
8520
9264
2727
4168
7486
4249
6117
5319
7134
5917
7148
3194
9009
1022
7966
4692
946
4915
3686
8324
8530
9234
3010
5832
2453
9437
9724
6648
3912
1574
7864
2882
7022
231
3806
4077
1726
909
8256
4580
3740
5738
9659
6095
185
7200
2708
8926
6602
4744
2333
6942
3705
347
3766
6927
549
6435
470
6545
1332
1788
6971
8973
8649
2143
9937
1179
6586
6047
4378
96
6503
857
8419
4461
4492
8169
9279
3659
1284
1975
2883
8086
9731
7275
4239
7176
3817
5065
7927
375
9147
9611
9122
8093
813
3655
1869
9296
2578
7873
6671
6271
1902
333
7310
4386
1757
1851
8404
6655
6744
4685
8101
2746
8671
2553
5370
7893
2718
5967
9545
4713
692
8708
794
1691
4738
4421
3196
3584
3172
2790
4127
2324
6219
645
3989
7475
5485
6217
822
7062
5311
8613
3036
7013
7698
4703
8793
8027
8595
8195
3795
538
7780
1365
9892
3883
344
5154
1665
1389
9620
7901
1166
6226
7264
753
5934
4828
5092
2244
8058
5351
5661
1416
2489
430
7263
9894
1490
6119
5963
6417
1245
2152
7733
9065
7696
9483
7610
7306
7655
3540
6988
5141
2845
9503
8916
4534
3644
923
8128
2262
4821
6375
9976
461
9988
381
3757
6746
1341
5489
1040
3353
4763
2479
2649
6611
2001
6851
92
9971
7326
2699
1934
1767
2542
1581
9695
6002
6736
3504
4430
5929
7415
2992
942
3014
5771
6315
1055
106
6807
2500
9581
239
3821
1221
8824
6562
6649
4414
5408
9285
9613
7242
9160
3854
4557
1745
6576
4431
5994
2431
1350
5160
7995
7709
4923
9385
1789
5106
1597
5471
6294
8582
533
2501
2033
988
2429
1291
8185
9444
9416
9925
7691
3954
1728
4083
2874
5491
4001
2382
7139
7236
9144
4027
1606
343
8197
8965
2816
5957
7132
2065
6943
4883
8159
9211
4900
9287
7418
9262
1863
9589
2448
4250
2762
6469
6317
8104
5693
7711
37
9912
4749
6629
2631
5196
3637
4434
3439
7843
6769
6350
9942
1202
1865
9340
5465
1843
2250
5137
7764
3941
7384
8556
4120
1911
5931
1801
146
9975
8281
8805
826
3336
2344
7324
3907
5182
9725
3427
9270
9917
6089
4162
7374
9208
70
7668
3174
7798
863
5711
6672
7589
5942
2102
8065
5445
7292
3432
6891
3207
8082
3355
1635
6535
8688
6090
9628
5224
3770
1362
431
9665
2601
3706
9241
2215
9379
3054
941
830
8878
6272
9515
8246
2270
5801
690
5880
2956
7437
8709
9155
1497
4804
8245
3160
399
3805
8780
3058
5835
890
9310
5026
448
4592
2503
3392
5448
127
8444
4874
4101
7836
5766
5804
9668
8441
478
9963
1690
1121
8071
9050
6645
3893
5293
7483
8500
6184
3490
4930
3935
5148
8817
8428
4848
4417
7576
1128
2914
9133
4499
748
638
721
566
3183
6732
4456
1072
6060
4379
3919
4659
1211
7870
2665
7633
7771
2612
3325
3475
6840
9992
8535
8365
9060
9154
896
1628
2938
9354
4321
5299
1066
2396
9563
466
8080
5130
5674
9445
4343
2886
2691
2457
654
7439
3718
7179
1904
5921
7551
5620
5863
926
3946
3599
6815
5988
110
1432
5274
6214
7429
3187
8122
9715
4875
8326
8192
7035
7294
7454
8103
6218
4210
2316
2018
7312
517
6478
3569
588
3050
7103
4794
9386
7694
831
5884
8276
250
1259
5397
3494
7281
6889
5431
1110
7982
9502
1800
1467
1471
6232
9547
5735
5953
8012
4697
5294
7727
2304
7730
5591
6897
810
7175
2652
743
1461
9739
1204
5253
7350
1035
8307
4362
3749
8133
1861
8277
4605
4175
1327
5783
1319
4383
2211
8749
9693
1382
1624
7681
7785
9528
2794
4325
1364
8439
4663
1053
7651
3578
9906
5800
9339
6481
7746
3080
3056
5726
4059
7831
3875
5532
4728
3423
4880
3199
9838
7611
9632
3830
8096
6777
6296
3970
3783
6371
9011
9225
6518
7028
2058
3888
8018
6413
2462
6007
1924
6741
8789
8589
1615
649
6725
6068
4003
960
3391
1517
4835
9772
1101
135
4488
3902
4757
2853
2965
4206
8384
2858
3244
5172
5014
6882
9663
1
9933
2623
5889
6443
8859
1376
626
6787
9856
1827
9120
4215
9932
8392
4416
5435
9421
5473
327
8923
7601
9215
8416
5756
5749
7637
10
1712
838
9818
2926
2522
882
4924
3099
776
5071
5574
481
3239
226
9662
2271
8000
1620
2335
499
4601
8474
6253
5615
484
5081
5463
124
1178
4279
9719
915
3023
2666
1694
6654
5578
5869
964
9544
5064
82
8331
7779
7174
2047
3408
8779
65
8724
4637
9763
2934
6376
1249
7688
3680
4827
9943
5309
7877
1813
5381
3477
8930
5662
7574
8980
9834
3957
5114
1718
6043
4495
6582
8974
1489
5949
1978
2485
5474
3843
4442
6538
7963
474
5102
9996
6720
4971
1401
5545
2842
8696
3496
4180
1664
6096
7029
2508
4422
7105
6412
2266
6526
2983
1454
5896
1546
8345
3992
7897
501
8236
3393
6906
6509
759
4658
4013
7827
4949
3109
4758
5298
8480
2249
3097
9785
537
262
552
1819
6781
3523
8054
3687
4199
5629
514
7914
2441
5168
64
6395
8978
6464
7017
1579
7514
944
9935
9580
5977
8710
643
8265
3155
5810
8288
8457
6775
3658
9348
5077
3802
6458
4655
2422
4533
6899
123
131
7337
4962
7706
4881
5010
2109
281
405
6086
3498
1705
4007
7582
2613
574
3265
3589
6731
1455
4450
8069
4103
410
5891
2783
7900
8478
6268
38
8165
2299
8539
1425
1017
3334
8057
5987
1148
3643
2621
357
4574
9247
5158
1169
3333
7072
6269
4850
9786
4911
8851
6992
7391
2530
3154
6310
2784
1044
4736
1303
4979
8584
8745
2156
1611
8621
3313
779
5940
1608
6976
8193
5747
170
2274
1256
9690
2646
811
6463
9420
4852
5554
1656
4916
5184
5305
7882
4118
7628
9157
4445
2754
233
7943
3974
8580
8953
5641
5742
8015
5568
5513
435
1939
3337
8598
7599
664
8448
5509
6229
7795
4882
9974
8742
1704
8537
6115
8893
715
8690
1812
2597
3314
5095
9438
4756
7122
1935
7095
3731
8876
4049
3670
4616
4623
8543
1541
8226
5622
1263
4219
6177
6456
4635
8124
9336
7369
4927
8025
6127
6539
118
9666
4936
1468
2986
7209
176
2285
9895
3252
8139
5653
1182
5600
3688
9876
6029
8010
705
8952
8941
7421
7446
1604
1394
2051
6676
5894
2426
3356
312
7142
5649
6837
4972
8337
1174
109
4228
6150
8161
5505
6290
1334
8855
2359
4823
2720
9217
5645
5786
769
9182
3800
2955
3446
5639
3934
9006
8076
1641
1125
8454
2317
2809
1937
8357
6916
5763
2572
548
716
8655
9768
6274
8560
4106
7221
4335
9346
5971
8238
5155
6324
8786
8092
9826
3623
921
8984
5515
1494
4829
7617
2017
9951
419
4235
3169
361
6108
4084
9308
2682
7807
2734
9962
4905
9688
9141
7879
3159
1243
952
3868
5174
4961
7313
4086
1226
7356
7953
7207
4032
6752
212
597
9103
5752
4223
5094
4062
4864
6390
8627
8432
339
4134
4638
8583
6471
2764
1450
8837
1433
4526
2982
8366
6467
119
4391
8548
4876
6319
2110
7448
9126
2989
4944
8035
83
6158
4524
873
7295
7426
2776
9728
4665
5865
1005
3383
5312
8713
1739
8140
7822
4427
8987
3924
4642
5944
2787
7834
7259
1862
1347
1890
5743
7826
2054
1367
9413
9625
4312
8718
1375
7367
1295
2594
1502
9650
8375
8639
5133
4148
850
7106
2870
2840
5216
2830
930
9443
8147
3838
4022
1139
9631
4152
9197
7435
703
7129
1370
3256
5347
5898
8036
5387
6778
1464
6673
5522
9781
7641
4759
8625
5916
3568
8804
3460
2225
9941
7920
5659
6713
4513
9681
8881
8883
1822
3913
4424
3636
1525
3959
9765
324
3363
8764
5038
5147
5263
4038
8995
3641
5436
3281
8570
4397
4878
3323
9320
7951
8703
741
5358
4351
6240
9591
4030
1446
1720
9874
1730
9028
1198
3418
1442
9290
1325
61
5665
5270
6330
310
3916
113
7507
2988
3633
6308
3103
7579
9035
3631
3274
8648
6973
2230
5258
8605
1161
8845
3090
7316
2193
4081
3108
9886
5028
2675
9243
7308
1407
3167
2722
3115
2967
2684
7102
9977
8519
9934
5652
5632
8061
5400
1749
768
444
244
1069
6071
6059
757
2292
9661
8306
8746
8731
2586
8411
4058
3349
2558
1293
3638
2770
1041
8106
7412
237
4056
5825
3828
5244
1840
2170
9829
2463
382
5836
3663
351
2185
1556
2122
8509
4783
9315
2458
4497
7663
6788
895
8304
1916
7939
6254
1743
6581
8006
6685
6305
4855
3965
602
379
4831
9997
6620
553
9387
7840
8975
436
4469
7811
487
9862
5821
9757
2063
6850
247
1008
9203
5750
3574
1286
1534
425
4591
3679
440
8697
3741
3022
8298
6283
2112
2875
4257
3692
1165
4789
6628
6563
9534
3216
5798
527
5407
7357
7314
5772
2376
3984
2087
5874
5906
6677
3012
956
8257
6567
4264
1898
9553
1733
3448
9479
158
8847
8886
3075
8051
299
1317
2253
3382
2323
4023
1091
2064
462
9199
5964
7383
2854
7933
3428
1990
9745
5211
4643
5939
5009
1470
3330
2345
1823
7079
5611
8424
8210
9729
2966
2668
1701
9026
2474
7128
25
1272
7339
4033
8091
3141
8579
6697
173
7876
6419
8889
9268
8606
6406
7335
828
2459
4399
751
925
894
9451
6072
4299
749
1307
2662
5481
1104
7427
9519
6273
9684
6006
7218
483
6770
7503
3315
9053
2446
415
5833
1239
4390
6969
2798
1434
1653
1298
2969
8237
2910
9463
6575
1668
7049
8728
529
7883
2848
8933
7328
6633
3121
8019
4608
9888
4099
3473
4515
8264
7529
2464
711
3669
9015
4296
1744
4348
6886
1700
7021
4067
3290
1506
7171
5640
3402
3069
1183
1096
3787
4917
155
6125
9431
3416
4478
3652
9298
2781
7296
2395
5782
8692
6475
1724
7220
3365
1048
3650
660
3981
4769
6496
1569
3675
5409
8725
4803
7964
6276
1093
4470
5033
3403
6876
6552
2258
439
8754
5785
5787
1265
7817
2046
2531
206
579
9189
641
3994
6800
3433
7351
5212
2719
3332
5657
2628
7969
6835
8892
8776
834
7186
2378
8900
3719
9125
9250
9784
6996
2385
4128
4344
3105
3997
5598
4218
3197
1400
2105
5300
9740
5152
6867
6309
9922
172
7814
8
6239
445
5484
7144
7744
62
5926
5412
2090
3009
3481
4536
8686
9221
3779
2984
8453
8563
1193
3816
72
8904
9889
8495
8177
8658
6653
2817
8221
4657
5526
2554
2297
457
503
5198
2036
9210
4632
8241
4190
9271
1621
1737
6201
6634
3742
2019
7607
1647
2416
2243
3268
6459
8903
4061
7283
3088
2061
1209
4315
33
4896
5715
7729
3462
9575
7803
6114
2356
9135
2804
6674
9590
665
279
6140
630
4983
2634
9600
6900
2115
7832
7885
5083
5039
7474
391
6675
5132
8797
9949
8037
6813
1526
9983
4734
8879
7800
6511
1285
4432
1463
6783
3327
4217
5067
29
249
524
2188
6546
4780
6244
1323
2221
4887
7620
2861
5927
9159
1802
214
9621
8157
7051
2941
5373
9459
6393
7070
7984
1387
7107
225
7490
8587
2367
4771
7761
9289
9326
9929
7923
4832
5523
9099
5200
9132
2042
4293
5004
8202
4696
2679
7353
6174
1140
7638
5204
1089
706
5761
112
3381
3450
8469
917
10000
1373
8074
9417
7738
3848
5646
9191
2478
1940
8486
7593
8471
4410
3968
9107
9788
171
3038
1558
1308
6601
80
5920
5048
6818
2389
978
6126
411
5618
9390
5546
4837
7274
7906
2286
4879
5192
8435
6433
3081
6022
4189
9982
4683
1580
4255
1304
3684
5169
6871
464
6904
5135
2276
4453
147
8637
4160
2694
8293
2642
4766
6326
1578
7988
8270
366
210
5789
4809
767
101
4017
1860
9153
8456
2670
1926
2510
8653
803
7354
9989
2371
9730
3862
2552
931
6287
6849
3777
117
949
276
2637
1892
9736
6893
2551
2583
3709
9231
6245
6951
3296
694
378
5709
2443
3017
5088
1966
7525
3576
5121
5126
6260
2707
934
4556
4214
4350
699
5595
3259
745
8813
1486
8831
6056
2895
3029
1547
6489
5960
1488
89
5984
8483
8517
2406
8064
35
5724
2864
2428
5587
8499
8315
5273
9539
7839
4182
498
9402
4964
3218
6683
4908
1328
1908
9521
9063
8062
5466
4288
1384
7408
286
3811
364
2180
6512
7661
516
2791
981
348
3482
3964
6400
3876
4402
2917
2947
4491
1993
5138
7769
1258
1917
7226
992
1164
2565
6037
3973
4238
7253
1109
8959
2918
3956
7941
9809
5938
8714
4686
8160
3962
5669
4928
3306
9649
2487
39
9702
4752
4884
5266
432
4193
606
6968
4316
6760
4932
659
6148
9769
7849
5393
7736
4040
652
248
3106
3613
2386
2626
2959
8555
9037
615
3451
5993
6858
4108
6042
4010
4273
9606
2364
137
2227
9960
7498
260
9288
8526
7303
5847
1942
7100
267
7460
3661
2348
8099
4790
6808
1592
592
6383
4368
5072
4446
667
7493
5042
5117
8935
8102
7777
2166
6485
9066
6644
4260
259
1092
1247
9721
1378
2096
8620
166
7060
5313
9196
7410
5375
1329
3248
3030
9747
2032
9868
672
9027
7548
9468
7332
8894
6300
6938
1734
877
8811
5178
4607
6834
8312
9049
6570
28
5499
4031
2502
2113
282
7195
3730
6507
3945
3189
7458
2080
4047
1103
8821
2614
8175
2705
8224
1311
1818
3237
2197
5090
5119
8376
6352
3251
3801
4009
4060
7824
4834
5059
7181
9446
5985
2088
9999
1995
2439
6107
2295
558
1662
9958
1219
9024
1155
6883
7588
9780
8461
2398
5828
4502
6100
7073
167
8630
6935
7872
2437
5537
8927
4232
3539
9430
2805
2740
2260
9195
3647
578
639
9762
2561
5336
3329
2129
9180
8154
5727
8857
4177
3952
6829
6079
2153
2151
7257
485
2890
9520
1988
962
4192
7642
2390
2194
6632
5454
1682
9630
4966
9727
4125
4627
8363
5256
732
3389
5997
4247
2654
6049
2952
456
8228
9654
6035
2892
5557
4558
2844
3842
7516
6162
5923
4563
4042
8549
4772
6076
3292
9331
9042
7710
7488
3622
3455
8849
8840
2574
6044
8572
8178
180
2585
7349
1981
8758
2075
78
899
689
2103
1355
2309
2562
1989
995
7605
1684
9751
6958
7662
8734
16
7386
8890
8741
6351
1991
2945
8723
7065
2242
1921
6548
4603
6477
4974
8121
7575
7980
3790
4666
5517
1142
1659
2609
5402
5140
7513
1271
1512
9238
2229
4535
3102
4477
5914
2818
8633
5681
6036
9223
3347
3712
1037
6557
7246
7571
9775
5259
5732
2745
426
5974
6284
2828
4406
7564
1714
3236
8529
965
9375
2920
7076
161
9212
9029
4123
305
2190
5696
7905
1380
7820
9261
9377
2962
9938
6146
787
3319
5872
3785
1344
9653
12
8116
782
5371
4183
9002
2009
9204
1588
6004
2486
148
7965
1132
2121
60
9643
1947
5443
9251
9588
6521
3307
9710
4186
6179
1205
2053
160
6682
7392
9602
2638
833
5707
6241
4952
972
9797
256
2677
7401
1710
3435
32
3125
4805
3927
958
8967
8905
9086
1240
841
906
7387
1484
7522
4063
6747
4043
6369
2341
3575
1571
257
5902
1029
6396
67
1663
5498
1070
9592
4628
9913
542
2057
707
7361
1804
967
4733
7193
1230
1759
1566
4753
6758
3555
3948
7685
8748
6795
6903
733
1731
3791
7340
7038
997
1163
8073
4151
7223
45
3895
5173
4617
852
2636
6954
5951
7232
9554
2837
7855
178
3153
1187
5876
2810
2592
1228
1046
6112
765
2473
3094
3472
5945
3395
9536
9755
3986
8442
1727
8377
5029
7916
3953
255
7196
136
4725
1162
1145
557
6946
8844
5136
5710
9947
1951
8604
1513
7848
5146
6487
1586
7045
6263
2141
5164
1598
3079
5377
991
9205
8542
3350
6952
5356
9361
6154
8763
4522
9422
940
1888
4026
1679
6884
8243
7640
6027
8311
8030
2651
612
6157
1976
8414
1677
541
9186
5462
6311
9108
5063
1459
7376
216
2543
4292
8263
9137
3516
9720
9401
3949
7385
2214
6053
9585
6038
6784
416
5512
3950
568
5396
9798
4999
6525
6841
3276
7262
3904
2529
5592
825
4994
7321
5480
4462
2212
7227
1552
340
666
3905
2731
609
562
7423
9824
3588
4985
2599
6978
3615
9365
5044
3508
9705
4863
3294
5142
8611
7612
6824
496
4333
4359
1456
358
9956
2696
1773
6124
6482
1114
8145
4372
821
4914
3098
5966
2860
6515
7570
6811
441
7240
1124
6684
4815
7084
3001
5521
24
1626
3224
8585
893
9283
6885
2465
545
9574
8132
2548
6198
8917
2349
3737
5345
2985
6839
4824
7081
9689
504
8592
3018
7149
8371
3404
5573
2261
5883
4992
5332
2981
755
7397
5019
3021
7300
8842
2357
3831
9604
8972
227
9723
7979
2625
5025
4817
4650
8042
8381
2131
2050
3527
9257
897
7731
7394
1540
3031
6453
9674
6901
853
354
3511
9333
5241
9041
6189
2388
2826
7255
5701
1968
9481
7170
8026
658
5032
7618
9466
6302
9469
3086
365
4825
7050
3453
46
8262
5242
3269
1224
8934
6344
3873
2841
2310
5159
7450
8426
5856
6312
6994
2695
5314
5719
9455
1762
8484
7654
9972
9077
6391
2289
6960
335
9058
8547
1596
9915
4130
3318
2822
3491
5201
294
734
7722
53
7861
6051
8691
317
3827
3225
1568
9109
4357
1717
6013
3720
8716
224
1533
3110
1283
5712
6932
7265
790
1973
6738
6740
5628
1000
1670
9773
1627
5831
2571
3351
4785
7898
5086
6388
2676
1660
3713
3163
1508
6759
8616
2179
9570
5097
8168
11
9332
2928
3357
7938
613
1758
5280
4830
9529
7961
2302
4798
2118
9389
898
4479
4941
1419
4836
4893
7989
7701
701
1234
5022
9538
3752
220
5731
598
2456
3370
6709
2999
7518
4298
1392
4437
1453
217
3407
2881
5564
8955
3341
6466
6129
4993
4412
7307
1058
7156
1227
1535
5511
9128
4158
5413
3533
4717
8470
791
5736
9609
1803
3039
6407
4931
2867
7784
8369
1790
4261
5227
1426
7188
9079
9573
9844
5643
4723
203
7569
4308
8463
9612
6838
9030
919
5830
4652
4411
1359
6451
2829
5109
9827
6735
2114
9858
9791
2700
6182
9542
6457
275
1492
656
9304
4998
3926
5861
2320
1877
4909
784
2319
6106
8183
2038
1354
4169
9313
2433
1573
3008
4682
7786
3452
8274
5410
4493
8623
708
3043
1418
7440
5005
6699
9163
9744
837
998
3283
7875
2995
6937
9847
8997
7857
4525
740
3847
7261
3645
9492
9166
3901
9655
4503
6378
1678
5909
4243
313
5179
8521
8843
6055
2192
1167
4669
3124
6588
1545
1324
5540
2128
9383
2411
43
7101
8629
1080
5007
2759
2117
4647
5862
5272
4394
5703
9800
4747
9615
3897
2272
6494
1681
8451
7277
1703
6572
3961
1936
1831
3284
3368
5046
5617
9512
7230
2438
7465
1723
9718
2023
3143
2427
7615
5254
5494
8332
7125
8364
3772
4706
2714
5359
5708
4095
4305
18
1661
1253
5777
8341
8284
2726
129
710
3497
7323
1222
157
1087
9352
3928
7251
5947
5185
1806
3190
5452
3530
4691
1318
9104
4618
7444
7928
8041
8163
9172
9300
6989
555
8171
1913
8443
5886
5508
1122
5486
6364
8739
6569
6262
1887
4074
1794
3822
2618
9803
9178
9669
2821
5601
6074
4398
7006
8097
2097
465
5223
5633
8925
4955
4841
1672
2213
3592
2307
5769
9644
9246
3503
5642
6081
9131
7213
4806
7348
8449
8189
5426
6663
2154
9704
188
3233
4695
7286
1607
2582
8146
5304
3145
3761
8568
836
7763
3371
3942
7271
6093
7947
9091
1479
8401
6227
3425
6687
8662
9327
846
3923
1719
4933
2268
8405
3419
8346
4405
9808
2517
1838
5739
1138
6997
750
883
6643
4294
477
9783
1909
491
5054
4425
2163
7940
3424
7819
3469
5365
3746
6712
9214
6306
5339
5367
3617
3295
1052
7309
5667
4115
5679
377
1821
2202
372
5812
77
6652
6855
7533
6786
590
6524
8450
2484
7977
624
4144
7621
2795
8108
5654
8565
1024
2593
9726
9551
3525
3863
9857
6609
5220
9023
5209
564
8032
4570
6333
7468
6374
1585
4975
5843
9495
1834
3581
3689
3697
6661
9561
7996
6405
2027
3226
7291
6194
3266
5008
5110
6874
8156
6480
7217
9277
974
394
1010
1007
8455
6486
7600
9670
2775
970
9218
5340
385
7660
6890
2998
3717
8783
9376
4531
9835
691
5698
5276
6754
8753
5229
9660
924
8009
4035
453
5903
1264
6940
5170
2418
6427
1006
4687
3112
6605
6623
3047
1127
2119
9767
183
3514
8085
4517
7126
8702
6448
3512
2132
6915
4388
7719
7058
2605
9371
9146
1033
2944
8213
2951
7202
4124
3629
5378
3178
8864
739
983
8040
7573
5928
7858
9828
2738
5248
2733
7751
7577
6615
2407
6860
8494
9129
5247
7453
3421
2800
632
240
1302
4113
3243
4845
2159
7998
2919
9359
5575
3209
5871
6984
253
3646
4073
9927
1269
1795
4957
8726
6963
6523
6082
7712
5449
4701
5607
9252
5128
9337
8956
5040
8120
5631
9226
8094
5965
5245
798
9311
3858
7967
869
8196
8550
512
6810
865
7096
2960
5605
993
7191
3303
7382
2641
2282
5296
6991
2106
6791
2608
3865
1979
3591
2139
5881
8380
7511
1196
2924
5194
6282
6816
9885
9638
4870
3543
2298
6070
4329
7068
5968
4629
4051
9392
7542
8647
9564
6531
7728
6168
4064
2765
4291
2931
3736
5721
3411
8112
7343
2008
1683
7205
1131
7793
5543
3311
5583
6566
4418
2022
2617
9979
9169
5459
261
3585
1591
9645
3232
8609
8044
3789
572
8117
513
6647
6967
6143
6627
3430
5490
9733
7160
4112
6980
2661
6460
9013
8252
975
3193
3823
1751
9708
586
5675
1702
5444
5324
4902
1874
976
9177
2377
5823
4861
52
6749
4814
2911
3601
3627
2948
4743
7808
5982
540
7097
1648
8946
455
2148
6864
5768
6248
922
4004
2635
5089
7212
3488
5321
8684
482
9062
6067
4702
6110
3173
1133
511
8438
9753
2903
9318
258
8367
3786
2921
8622
5890
6039
4354
7336
3753
4779
5683
495
786
1422
2203
2002
2505
9089
2777
9657
7970
3807
4720
7850
8433
1084
8059
5084
4198
9636
2512
374
3501
6881
4788
1897
5978
3024
1931
7536
4382
6830
6948
7887
5123
8638
3788
1519
6012
500
297
2277
3813
5599
5567
9021
8038
6998
9363
6185
1326
1021
3748
2052
4611
2813
140
284
8928
1725
3138
353
2660
9940
2888
269
6242
1117
8068
3447
9759
3609
3758
9052
8479
389
5015
1460
6622
4512
7375
7198
6116
3493
8046
397
1721
3614
4221
6141
3755
6449
5215
2402
4554
3955
3561
9839
2568
1301
1893
5134
2688
3405
4521
859
5608
7177
4485
4071
3140
6297
3586
2184
7400
789
7276
8268
5101
6702
9284
4711
6057
6361
8267
3201
8942
5255
6380
5226
4718
3126
4020
8410
8596
5528
4926
4661
4230
4898
5664
7293
1899
5495
8795
1356
4167
402
9629
9514
1768
7801
4408
3271
1056
4653
7420
93
2045
569
108
8458
2835
1398
9508
5230
4340
1439
6772
5882
4568
8773
9870
2577
7329
2796
3114
3784
6831
8721
5
8191
2206
1141
6688
8838
2761
49
3380
5765
5399
417
4468
3000
9493
5651
5024
4818
4716
1314
459
3682
742
9409
6761
3966
3279
633
3871
7586
9578
5867
1633
5933
6727
6379
9227
7716
3721
4871
6844
744
1919
7526
6635
3485
3003
5389
3648
1960
5941
4334
1671
3735
1780
8937
8203
6756
3573
40
3673
8078
7565
4435
6528
9273
2866
1649
4867
7477
3247
3832
6530
4937
6856
6926
5429
9113
2706
731
7674
5809
7053
8735
6584
9756
5586
2591
2223
325
684
2468
6842
6724
582
4143
5992
1907
8628
7243
937
5976
6730
3304
8676
2579
9038
1004
9825
7479
149
7114
2667
2703
986
6794
5129
2778
4489
4269
3065
8719
1411
7715
7433
2509
3374
3463
8701
4266
4486
9491
5895
795
2495
2423
5552
851
9732
2606
9071
8319
7402
1894
4797
9230
9882
907
3767
6123
824
3399
122
2408
2851
9869
5265
8394
1100
2728
9319
5626
6188
4097
2490
6408
9555
657
1487
1045
3057
2901
5682
4595
6048
9142
9322
6782
6109
9384
9955
4195
7432
6385
3995
1331
1216
6270
525
9302
1538
5124
6161
725
9061
5501
9130
1515
2573
9040
1669
9946
3343
8531
9280
4114
700
480
2300
9648
9297
6771
8910
9202
8790
2162
9699
6827
3222
8523
655
8200
7732
2535
5807
1225
1412
4719
6877
31
5729
9820
685
7299
1372
4583
8182
2876
8600
4037
1884
3515
2283
7495
1891
8275
8618
9265
719
9194
3820
1235
5023
9810
2524
3096
2539
5287
5205
3342
534
6026
3681
4540
5506
8358
2891
8235
9518
8908
8996
4784
9864
4347
8635
1099
3101
182
4019
7895
1886
2342
9919
179
8700
2442
6695
797
9449
3794
4796
4602
4385
4005
177
3500
876
5614
2894
5144
3344
6790
8113
6165
9253
4280
3507
6999
9911
8462
6825
2312
3975
8761
3714
9822
7249
1275
5555
8677
2082
3980
6215
5904
938
2417
1330
5625
6630
8800
4857
5647
4369
8778
9370
4490
815
6235
5791
7604
788
5820
3321
4471
1910
1287
7112
9501
